0	1
1	1	3
2	3
3	3	2
4	1
5	1
6	1	3
7	1
8	1
9	1	3
10	3
11	3
12	3
13	2
14	1
15	1
16	1
17	1
18	1
19	1
20	1
21	3
22	3
23	3
24	3
25	2
26	3
27	3
28	3
29	2
30	3
31	2
32	2
33	3
34	3
35	3
36	3
37	1
38	3
39	3
40	2
41	2
42	3
43	3	1	2
44	2
45	3
46	2
47	3
48	3
49	3
50	2
51	1
52	3
53	3
54	2
55	2
56	2
57	3
58	3
59	3
60	3
61	1
62	3
63	3
64	3
65	3
66	3
67	3	1
68	3
69	3
70	3
71	3
72	2
73	1
74	2
75	3
76	3
77	3
78	3
79	2
80	3
81	2
82	2
83	1
84	2
85	3
86	1
87	3
88	2
89	2	1
90	2	3
91	3
92	1	2
93	2	1
94	2
95	2
96	2
97	2
98	2
99	2
100	2
101	2
102	2
103	2	3
104	3
105	2
106	2
107	1
108	1	3	2
109	2
110	2
111	2
112	2
113	2
114	2
115	2
116	1
117	1	2
118	1
119	3
120	1
121	2
122	1
123	3
124	2
125	2
126	2	3	1
127	2
128	2
129	2
130	1
131	1
132	2
133	3
134	3	2
135	2
136	2
137	2
138	2
139	2	1	3
140	2
141	2
142	1
143	2
144	2
145	2
146	2
147	1
148	2
149	2
150	2
151	2
152	2	1
153	1	3
154	3
155	1
156	3
157	3
158	1
159	1
160	3
161	2
162	2
163	2
164	2	1	3
165	1
166	1
167	2
168	2
169	1
170	3
171	3	2	1
172	2
173	2	1
174	1
175	1
176	1	3	2
177	1
178	3
179	3	1
180	3
181	2
182	2
183	3	1
184	2
185	2
186	1
187	1
188	2	3
189	3	1	2
190	2	1
191	2
192	1
193	1
194	1
195	1	3
196	2
197	1	3
198	3
199	1
200	2
201	2
202	2
203	3
204	3
205	2
206	1	3
207	1
208	3
209	3
210	2	1
211	3	2
212	3
213	3
214	1
215	2
216	2
217	3
218	3
219	1
220	2
221	3
222	3
223	2
224	1	3
225	1
226	2
227	2	1	3
228	2	1
229	2
230	2
231	2
232	2
233	2
234	1
235	1
236	1
237	1
238	1	3
239	1
240	2
241	2
242	1
243	1
244	2
245	2	3
246	3
247	3
248	3
249	3	2
250	2
251	2
252	2
253	2
254	2
255	2
256	1
257	1
258	1
259	3
260	2
261	2	3
262	3	2
263	3
264	3	1	2
265	1
266	3
267	2
268	1
269	2
270	1
271	1
272	2
273	2
274	3
275	3
276	3
277	1
278	2
279	2
280	2
281	1
282	2
283	2
284	2
285	3
286	2
287	1
288	3
289	3	2
290	2
291	2
292	3
293	2
294	1
295	1	2	3
296	3
297	3
298	2
299	2	1	3
300	2
301	1
302	3
303	1	2
304	2
305	2
306	2
307	2	3
308	2
309	1
310	1
311	2
312	3
313	3	1
314	1
315	1	3
316	3
317	3	1
318	1	3
319	2
320	3
321	3
322	3
323	2	1
324	2
325	2	3	1
326	2
327	2
328	1
329	2
330	3
331	3	2
332	2
333	3
334	2
335	2
336	3
337	1
338	2
339	1
340	1
341	3
342	3	2
343	1
344	1
345	1
346	1
347	3
348	3
349	1
350	1
351	2
352	2
353	2
354	1
355	1
356	1
357	2
358	2
359	2
360	3
361	2
362	2
363	3
364	3
365	2
366	3
367	2
368	1
369	2
370	1
371	3
372	2
373	3
374	3
375	3
376	2
377	1
378	2
379	1
380	1
381	2
382	2	1
383	3	2
384	2	3
385	1
386	2
387	1
388	2
389	2
390	2
391	2	3	1
392	2
393	2
394	2
395	2
396	2
397	3
398	1	2
399	3
400	1
401	1	3
402	3
403	1
404	2
405	2
406	2
407	2
408	2	1
409	1
410	1
411	3
412	2
413	1
414	1	2
415	1
416	1
417	2
418	3
419	2
420	1
421	2
422	1
423	2
424	2
425	1
426	2
427	2	3	1
428	3
429	3
430	3
431	1
432	2
433	1
434	1
435	1
436	3
437	1
438	1	2	3
439	1
440	1
441	1
442	3
443	2
444	1
445	1
446	2	3
447	1
448	1	3	2
449	3
450	2
451	1
452	3
453	1
454	3
455	3
456	3
457	3
458	3	2
459	3	1
460	2
461	1
462	3
463	1
464	2
465	2	3
466	2
467	3
468	3
469	3	1
470	1
471	3	2
472	2	3
473	2
474	1
475	1
476	1
477	2
478	2
479	1
480	3
481	2
482	1
483	3	2
484	2	1
485	1
486	1
487	2
488	1
489	3
490	2	1
491	3
492	2
493	3
494	3
495	2
496	2
497	1
498	2	3
499	3
500	3
501	3
502	1
503	2
504	3
505	3
506	1
507	2
508	2
509	2
510	3
511	3
512	1
513	1
514	1	2
515	2
516	2
517	2
518	2
519	2
520	2	3
521	3	1
522	2
523	3
524	2
525	2
526	2
527	2
528	1
529	2
530	1
531	1
532	1
533	2
534	2
535	2	3
536	3
537	2
538	1
539	2	3
540	1
541	3
542	2
543	3
544	3
545	2
546	2
547	1
548	2
549	2
550	3
551	1
552	1
553	1	3
554	3	1
555	3
556	1	2
557	2
558	1
559	1
560	1
561	1	3	2
562	1
563	3
564	3
565	3
566	3
567	2
568	1
569	3
570	3
571	2
572	3
573	2
574	2
575	1
576	1
577	2
578	1
579	2
580	2
581	3
582	2
583	2
584	1
585	2
586	2	1	3
587	3
588	2	1
589	3	2
590	1
591	1
592	1
593	1
594	1
595	1
596	2
597	1
598	2
599	2
600	1
601	1
602	1	2
603	1
604	1
605	1
606	1
607	1
608	2
609	2
610	1
611	1
612	1
613	1	2	3
614	3	2
615	1	3
616	3
617	2
618	2
619	2
620	2
621	2
622	2
623	2
624	2
625	2
626	2
627	3	1
628	3
629	2
630	2
631	3	1
632	2
633	2
634	2
635	1
636	2
637	2
638	2
639	3
640	1	2
641	3
642	2
643	3
644	2
645	2
646	2
647	2
648	3
649	3
650	2
651	3
652	2
653	2
654	3
655	3
656	2
657	2	3
658	3
659	3
660	1
661	2
662	3
663	1
664	3
665	2
666	3
667	3
668	3
669	2
670	2
671	1
672	2
673	3
674	2
675	3
676	3
677	3
678	3
679	3
680	3
681	2
682	2	3
683	3	1	2
684	2
685	3
686	1
687	2	3
688	2
689	1
690	2
691	3
692	3
693	1
694	2
695	1
696	3
697	1
698	2
699	1
700	2
701	2
702	2
703	2
704	2
705	1
706	2
707	2
708	2
709	2	3
710	2
711	2
712	1
713	1
714	1
715	2
716	2	3	1
717	2
718	2
719	2
720	2
721	1
722	3
723	3
724	2
725	3
726	2	1
727	2
728	2	3	1
729	2
730	3
731	2
732	1
733	2
734	1
735	2
736	3
737	3	1	2
738	2
739	2
740	2
741	3
742	3
743	2
744	3
745	1
746	2
747	2
748	2
749	3
750	2
751	2
752	3
753	3
754	3	2
755	3
756	3
757	3	2
758	1
759	2
760	1
761	2
762	1
763	2
764	2
765	2
766	2	1
767	3
768	2
769	2
770	1
771	3	2
772	2
773	1
774	3
775	1
776	3
777	1
778	1
779	1
780	1
781	1
782	2
783	2
784	2
785	2
786	2	1	3
787	2
788	2
789	2
790	1
791	1
792	2
793	3
794	1
795	1
796	1	3
797	1
798	1
799	3
800	2
801	2
802	2
803	3
804	2
805	2
806	2
807	3
808	3
809	2
810	1
811	3
812	1
813	1
814	2
815	2	1
816	1
817	1
818	1
819	2
820	3
821	2
822	1
823	2
824	3
825	3	2
826	3
827	1
828	3
829	1
830	1
831	3
832	2
833	3
834	2
835	2
836	2
837	1
838	2
839	1
840	3
841	2
842	1
843	1
844	1
845	1
846	1
847	2
848	2
849	1
850	1
851	1
852	2
853	3
854	1
855	1
856	1
857	1
858	1
859	3
860	3
861	3	2
862	3
863	1
864	2
865	3
866	2
867	1
868	3	2
869	2
870	3
871	3
872	3
873	3
874	3	2
875	1
876	1	2
877	3
878	3
879	3
880	1
881	1
882	3
883	1
884	1
885	1
886	3
887	2
888	2	1	3
889	2
890	2	1
891	1	2
892	2
893	1
894	3
895	1
896	2
897	1
898	2
899	2
900	1
901	1
902	1
903	2
904	1
905	2
906	2
907	2
908	2	3
909	2
910	2
911	2
912	2
913	2
914	1
915	2
916	2
917	3
918	2
919	2
920	2
921	2
922	1
923	1
924	1
925	3
926	3
927	3
928	1
929	1
930	2
931	2
932	2
933	2
934	2
935	2
936	1
937	3
938	2
939	2
940	2
941	3
942	3
943	2
944	1
945	1	2
946	1
947	1
948	3
949	2
950	2
951	3	1
952	2
953	1
954	2
955	1	3
956	1
957	2
958	2
959	2	3
960	2
961	2
962	2
963	3
964	2
965	1
966	1
967	2
968	2
969	2
970	2
971	3
972	2
973	2
974	2
975	2
976	1
977	1	3
978	2
979	2	3
980	3	2
981	2
982	2
983	3
984	3
985	2
986	2
987	2
988	3
989	2
990	3
991	3
992	3	2
993	3	1
994	3
995	3
996	1
997	2
998	1	3
999	3
1000	2
1001	2	1
1002	1	2
1003	2
1004	3	1
1005	2
1006	1
1007	3
1008	3
1009	2
1010	3	1
1011	1
1012	3
1013	2
1014	3
1015	3
1016	3	2	1
1017	3
1018	1
1019	1
1020	2
1021	1
1022	1
1023	2
1024	2
1025	3
1026	3
1027	3
1028	3	1
1029	1
1030	1
1031	1
1032	1
1033	1
1034	1	2	3
1035	1
1036	3	2
1037	2
1038	2	3
1039	2
1040	1
1041	2	3
1042	2
1043	2
1044	3
1045	3
1046	3
1047	3
1048	1
1049	2
1050	2
1051	2
1052	2
1053	2	1
1054	2
1055	2
1056	2
1057	2
1058	2
1059	3
1060	3
1061	3
1062	2
1063	2
1064	1
1065	1	3
1066	1
1067	2
1068	1
1069	3
1070	3
1071	3
1072	2
1073	2	3
1074	1
1075	2
1076	3
1077	1
1078	1
1079	2
1080	3
1081	2
1082	2
1083	2
1084	2
1085	2
1086	2
1087	2
1088	1
1089	2
1090	2
1091	1
1092	2
1093	2
1094	3
1095	1
1096	2
1097	2
1098	2
1099	3	1
1100	1
1101	1
1102	2
1103	2
1104	2
1105	2
1106	2
1107	3
1108	1
1109	1
1110	1
1111	3
1112	1
1113	1
1114	1
1115	2
1116	2
1117	1
1118	1
1119	1	2
1120	2	1
1121	1	3	2
1122	2
1123	2
1124	2
1125	2	1
1126	2
1127	1
1128	2
1129	3
1130	2
1131	2
1132	3
1133	2
1134	2	1
1135	2
1136	1
1137	1
1138	2
1139	1
1140	1
1141	2
1142	3
1143	3
1144	2
1145	2
1146	1
1147	2	3
1148	3
1149	1
1150	1	2
1151	2
1152	2
1153	2
1154	2
1155	2	1
1156	2
1157	2
1158	2
1159	2
1160	2	3	1
1161	2
1162	1
1163	2
1164	2
1165	2	3
1166	3
1167	3
1168	2
1169	2
1170	1
1171	3
1172	3
1173	1
1174	2
1175	3
1176	3	2
1177	3
1178	3
1179	2
1180	2
1181	2
1182	1
1183	3
1184	3	2
1185	3
1186	2
1187	3
1188	3
1189	3
1190	3
1191	3
1192	3	1
1193	1
1194	1
1195	2
1196	2
1197	2
1198	2
1199	1
1200	3
1201	3	2
1202	1
1203	1
1204	1
1205	1
1206	2
